arc 0.5 2.75 0.1 0.2 0
arc 0.5 2.5 0.1 0.4 0
arc 0.5 2.25 0.1 0.2 0
arc 0.5 2 0.1 0.2 0
arc 0.5 1.75 0.1 0.2 0
arc 0.5 1.5 0.1 0.4 0
arc 0.5 1.25 0.1 0.4 0
arc 0.5 1 0.1 0.2 0
arc 0.5 0.75 0.1 0.2 0
arc 0.5 0.5 0.1 0.4 0
arc 0.5 0.25 0.1 0.4 0
arc 1.5 2.75 0.1 0.2 0
arc 1.5 2.5 0.1 0.4 0
arc 1.5 2.25 0.1 0.2 0
arc 1.5 2 0.1 0.2 0
arc 1.5 1.75 0.1 0.2 0
arc 1.5 1.5 0.1 0.4 0
arc 1.5 1.25 0.1 0.4 0
arc 1.5 1 0.1 0.2 0
arc 1.5 0.75 0.1 0.2 0
arc 1.5 0.5 0.1 0.4 0
arc 1.5 0.25 0.1 0.4 0
rect 0.75 1.25 0.1 0.6 0
sphe 1 1.5 0.1 0.9 0
rect 1.25 1.25 0.1 0.6 0
rect 1 1.75 0.2 0.1 0
line 0 0 2 0 0
line 0 0 0 3 0
line 2 0 2 3 0
line 0 3 2 3 0